qvalue[0][0]:-8.67769839369
qvalue[0][1]:-7.92773788956
qvalue[0][2]:6.92937914042
qvalue[0][3]:-7.14472688903
qvalue[1][0]:-3.75785684509
qvalue[1][1]:2.81544849146
qvalue[1][2]:14.4640274677
qvalue[1][3]:-2.37735962571
qvalue[2][0]:-5.98728365885
qvalue[2][1]:-7.46429571134
qvalue[2][2]:-6.18850152027
qvalue[2][3]:5.90499163842
qvalue[3][0]:1.72376315655
qvalue[3][1]:17.6356636951
qvalue[3][2]:-1.56900226007
qvalue[3][3]:-4.19316900253
qvalue[4][0]:5.40694317434
qvalue[4][1]:6.92369322140
qvalue[4][2]:79.4134644382
qvalue[4][3]:5.75186554764
qvalue[5][0]:3.17069
qvalue[5][1]:1.9241
qvalue[5][2]:46.8559
qvalue[5][3]:0.539
qvalue[6][0]:4.88645349316
qvalue[6][1]:71.1033787778
qvalue[6][2]:21.6041244458
qvalue[6][3]:5.83911773469
qvalue[7][0]:8.23844274954
qvalue[7][1]:98.6697205353
qvalue[7][2]:39.7691134646
qvalue[7][3]:25.2472650009
qvalue[8][0]:0.0
qvalue[8][1]:0.0
qvalue[8][2]:0.0
qvalue[8][3]:0.0
