qvalue[0][0]:-4.75987718985
qvalue[0][1]:-6.04167939424
qvalue[0][2]:7.92793114976
qvalue[0][3]:-6.58321457690
qvalue[1][0]:-4.14811346730
qvalue[1][1]:3.30458367360
qvalue[1][2]:0.716088244181
qvalue[1][3]:-3.81170892847
qvalue[2][0]:-6.08551716333
qvalue[2][1]:0.295856486367
qvalue[2][2]:-5.59097567317
qvalue[2][3]:3.69685498016
qvalue[3][0]:-0.780383653805
qvalue[3][1]:1.06121288202
qvalue[3][2]:7.68997752702
qvalue[3][3]:0.552487814084
qvalue[4][0]:-1.23713521445
qvalue[4][1]:0.12093926103
qvalue[4][2]:7.25568747585
qvalue[4][3]:-0.145007682819
qvalue[5][0]:5.45271496008
qvalue[5][1]:10.1844859064
qvalue[5][2]:11.0339465205
qvalue[5][3]:1.48710531693
qvalue[6][0]:-0.395827171272
qvalue[6][1]:7.66336295987
qvalue[6][2]:5.16123148997
qvalue[6][3]:5.78096754289
qvalue[7][0]:6.04757255636
qvalue[7][1]:5.33879536681
qvalue[7][2]:2.05259189206
qvalue[7][3]:6.94924401514
qvalue[8][0]:4.83971912754
qvalue[8][1]:-0.0207108416386
qvalue[8][2]:4.64198498007
qvalue[8][3]:11.1384395467
qvalue[9][0]:6.11751864134
qvalue[9][1]:-2.09072552069
qvalue[9][2]:2.45815022275
qvalue[9][3]:-1.80985208011
qvalue[10][0]:5.47972183129
qvalue[10][1]:-2.35249087578
qvalue[10][2]:0.330111789338
qvalue[10][3]:-1.59614929184
qvalue[11][0]:-3.940399
qvalue[11][1]:-1.20835558
qvalue[11][2]:-2.25463591
qvalue[11][3]:-3.383808229
qvalue[12][0]:-1.0
qvalue[12][1]:-1.99
qvalue[12][2]:-1.17803707372
qvalue[12][3]:-0.926218
qvalue[13][0]:6.20482640353
qvalue[13][1]:0.142637159485
qvalue[13][2]:-1.81444962102
qvalue[13][3]:-2.04459604611
qvalue[14][0]:5.61070148817
qvalue[14][1]:-1.16798696851
qvalue[14][2]:-0.523
qvalue[14][3]:0.525677316144
qvalue[15][0]:2.75548913463
qvalue[15][1]:-0.442
qvalue[15][2]:-2.71
qvalue[15][3]:-3.06254472424
qvalue[16][0]:-1.0
qvalue[16][1]:-0.8227
qvalue[16][2]:-0.58051
qvalue[16][3]:-0.3439
qvalue[17][0]:-0.5149
qvalue[17][1]:-3.02947970802
qvalue[17][2]:-3.00003404114
qvalue[17][3]:-0.639559
qvalue[18][0]:-1.8361
qvalue[18][1]:-0.360465076
qvalue[18][2]:5.60969
qvalue[18][3]:-1.0
qvalue[19][0]:-0.1
qvalue[19][1]:-3.456294076
qvalue[19][2]:-1.0
qvalue[19][3]:0.60727967
qvalue[20][0]:-1.0
qvalue[20][1]:-1.10031049
qvalue[20][2]:-1.0
qvalue[20][3]:-1.0
qvalue[21][0]:-0.5149
qvalue[21][1]:-2.0791
qvalue[21][2]:-1.99
qvalue[21][3]:-0.7656031
qvalue[22][0]:-1.70936654532
qvalue[22][1]:-5.72485512169
qvalue[22][2]:-6.46924760481
qvalue[22][3]:-2.41523696095
qvalue[23][0]:0.01241
qvalue[23][1]:34.39
qvalue[23][2]:-1.9
qvalue[23][3]:-1.0
qvalue[24][0]:0.0
qvalue[24][1]:0.0
qvalue[24][2]:0.0
qvalue[24][3]:0.0
