qvalue[0][0]:-6.66530907788
qvalue[0][1]:-7.92773788956
qvalue[0][2]:10.3534722264
qvalue[0][3]:-7.14472688903
qvalue[1][0]:-4.14811346730
qvalue[1][1]:3.86986280822
qvalue[1][2]:4.49709174626
qvalue[1][3]:-2.76228073610
qvalue[2][0]:-5.98728365885
qvalue[2][1]:-2.40245434213
qvalue[2][2]:-5.59193804691
qvalue[2][3]:5.83204204887
qvalue[3][0]:-0.248811257373
qvalue[3][1]:1.57095945664
qvalue[3][2]:4.62373563722
qvalue[3][3]:-0.603789020727
qvalue[4][0]:9.66620063217
qvalue[4][1]:6.92369322140
qvalue[4][2]:46.2213785082
qvalue[4][3]:5.75186554764
qvalue[5][0]:3.37726512264
qvalue[5][1]:9.08117346910
qvalue[5][2]:38.095048511
qvalue[5][3]:3.702131
qvalue[6][0]:7.67272832687
qvalue[6][1]:68.8647052245
qvalue[6][2]:17.2746469931
qvalue[6][3]:12.5520442651
qvalue[7][0]:32.6798465289
qvalue[7][1]:43.3957561731
qvalue[7][2]:44.7820604521
qvalue[7][3]:27.9902087073
qvalue[8][0]:1.39492987364
qvalue[8][1]:3.25613284324
qvalue[8][2]:0.233547914473
qvalue[8][3]:34.7934301765
qvalue[9][0]:17.4496021405
qvalue[9][1]:-1.9
qvalue[9][2]:-0.0938121887215
qvalue[9][3]:0.722342305426
qvalue[10][0]:6.64624947599
qvalue[10][1]:-0.668230489
qvalue[10][2]:0.0
qvalue[10][3]:0.0
qvalue[11][0]:-1.0
qvalue[11][1]:-0.28
qvalue[11][2]:-1.0
qvalue[11][3]:-1.0
qvalue[12][0]:-1.0
qvalue[12][1]:-1.0
qvalue[12][2]:-0.4501
qvalue[12][3]:-0.1
qvalue[13][0]:6.17928084769
qvalue[13][1]:-0.313322188722
qvalue[13][2]:-1.0
qvalue[13][3]:-1.48302848280
qvalue[14][0]:1.06875345865
qvalue[14][1]:0.0
qvalue[14][2]:-0.19
qvalue[14][3]:0.043057942154
qvalue[15][0]:0.0
qvalue[15][1]:-0.1
qvalue[15][2]:0.0
qvalue[15][3]:0.0
qvalue[16][0]:0.0
qvalue[16][1]:-0.361
qvalue[16][2]:-0.271
qvalue[16][3]:-0.1
qvalue[17][0]:-0.19
qvalue[17][1]:-1.99
qvalue[17][2]:-1.13246202169
qvalue[17][3]:-0.271
qvalue[18][0]:-1.0
qvalue[18][1]:0.0
qvalue[18][2]:0.71
qvalue[18][3]:-1.0
qvalue[19][0]:-0.1
qvalue[19][1]:-1.0
qvalue[19][2]:0.0
qvalue[19][3]:-0.1
qvalue[20][0]:0.0
qvalue[20][1]:-0.1
qvalue[20][2]:0.0
qvalue[20][3]:0.0
qvalue[21][0]:-0.19
qvalue[21][1]:-1.0
qvalue[21][2]:-1.0
qvalue[21][3]:-0.19
qvalue[22][0]:-0.6769
qvalue[22][1]:-4.772580931
qvalue[22][2]:-4.4324659
qvalue[22][3]:-1.0
qvalue[23][0]:-0.1
qvalue[23][1]:19.0
qvalue[23][2]:-1.9
qvalue[23][3]:-1.0
qvalue[24][0]:0.0
qvalue[24][1]:0.0
qvalue[24][2]:0.0
qvalue[24][3]:0.0
